0 0 0 0 -0 
0.05 0.0463333 0.00241667 0.00241667 -0.00116667 
0.1 0.0856667 0.00933333 0.00933333 -0.00433333 
0.15 0.1185 0.02025 0.02025 -0.009 
0.2 0.145333 0.0346667 0.0346667 -0.0146667 
0.25 0.166667 0.0520833 0.0520833 -0.0208333 
0.3 0.183 0.072 0.072 -0.027 
0.35 0.194833 0.0939167 0.0939167 -0.0326667 
0.4 0.202667 0.117333 0.117333 -0.0373333 
0.45 0.207 0.14175 0.14175 -0.0405 
0.5 0.208333 0.166667 0.166667 -0.0416667 
0.55 0.207167 0.191583 0.191583 -0.0403333 
0.6 0.204 0.216 0.216 -0.036 
0.65 0.199333 0.239417 0.239417 -0.0281667 
0.7 0.193667 0.261333 0.261333 -0.0163333 
0.75 0.1875 0.28125 0.28125 0 
0.8 0.181333 0.298667 0.298667 0.0213333 
0.85 0.175667 0.313083 0.313083 0.0481667 
0.9 0.171 0.324 0.324 0.081 
0.95 0.167833 0.330917 0.330917 0.120333 
1 0.166667 0.333333 0.333333 0.166667 
