0.219699 
0.219699 
0.219699 
0.219699 
0.219699 
0.219699 
0.219699 
0.219699 
0.219699 
0.219699 
0.219699 
0.219699 
0.219473 
0.21888 
0.217989 
0.216856 
0.21553 
0.214047 
0.212441 
0.210737 
0.20896 
0.207132 
0.205273 
0.203404 
0.201543 
0.199704 
0.197902 
0.196148 
0.19445 
0.192814 
0.191245 
0.189745 
0.188318 
0.186962 
0.185677 
0.184464 
0.18332 
0.182242 
0.18123 
0.18028 
0.17939 
0.178557 
0.177778 
0.17705 
0.176372 
0.175739 
0.17515 
0.174602 
0.174092 
0.173618 
0.173179 
0.17277 
0.172392 
0.17204 
0.171715 
0.171414 
0.171135 
0.170877 
0.170638 
0.170418 
0.170214 
0.170026 
0.169852 
0.169692 
0.169544 
0.169407 
0.169281 
0.169165 
0.169058 
0.16896 
0.168869 
0.168786 
0.168709 
0.168638 
0.168573 
0.168514 
0.168459 
0.168408 
0.168362 
0.168319 
0.16828 
0.168244 
0.168211 
0.168181 
0.168154 
0.168128 
0.168105 
0.168084 
0.168065 
0.168047 
0.168031 
0.168016 
0.168003 
0.167991 
0.16798 
0.167971 
0.167962 
0.167955 
0.167949 
0.167943 
0.167939 
0.167935 
0.167932 
0.167931 
0.16793 
0.16793 
0.167932 
0.167934 
0.167938 
0.167943 
0.167949 
0.167957 
0.167966 
0.167976 
0.167988 
0.168002 
0.168018 
0.168035 
0.168054 
0.168076 
0.168099 
0.168125 
0.168153 
0.168184 
0.168217 
0.168253 
0.168292 
0.168334 
0.168379 
0.168428 
0.168479 
0.168533 
0.168591 
0.168652 
0.168716 
0.168783 
0.168854 
0.168927 
0.169004 
0.169084 
0.169167 
0.169253 
0.169341 
0.169433 
0.169527 
0.169623 
0.169723 
0.169826 
0.169932 
0.170041 
0.170154 
0.170271 
0.170392 
0.170517 
0.170648 
0.170784 
0.170926 
0.171073 
0.171226 
0.171385 
0.171551 
0.171725 
0.171907 
0.172098 
0.172299 
0.17251 
0.172731 
0.172963 
0.173207 
0.173462 
0.173728 
0.174005 
0.17429 
0.174585 
0.174886 
0.175193 
0.175505 
0.175819 
0.176135 
0.17645 
0.176763 
0.177072 
0.177377 
0.177676 
0.177967 
0.178251 
0.178526 
0.178792 
0.179048 
0.179293 
0.179528 
0.179753 
0.179967 
0.18017 
0.180363 
0.180545 
0.180718 
0.18088 
0.181033 
0.181176 
0.18131 
0.181436 
0.181552 
0.181661 
0.181761 
0.181853 
0.181937 
0.182014 
0.182083 
0.182145 
0.182199 
0.182245 
0.182284 
0.182314 
0.182336 
0.182349 
0.182352 
0.182345 
0.182326 
0.182293 
0.182246 
0.182183 
0.182103 
0.182005 
0.181888 
0.18175 
0.181592 
0.181413 
0.181211 
0.180989 
0.180745 
0.180481 
0.180198 
0.179898 
0.179582 
0.179253 
0.178913 
0.178566 
0.178212 
0.177857 
0.177501 
0.177147 
0.176797 
0.176455 
0.176121 
0.175797 
0.175486 
0.175188 
0.174904 
0.174637 
0.174386 
0.174152 
0.173937 
0.17374 
0.173561 
0.173401 
0.173259 
0.173135 
0.173028 
0.172938 
0.172865 
0.172808 
0.172766 
0.172738 
0.172723 
0.172721 
0.17273 
0.172749 
0.172778 
0.172816 
0.172863 
0.172919 
0.172983 
0.173055 
0.173134 
0.173221 
0.173315 
0.173417 
0.173528 
0.173648 
0.173777 
0.173915 
0.174064 
0.174224 
0.174394 
0.174575 
0.174766 
0.174966 
0.175175 
0.175393 
0.175619 
0.175851 
0.17609 
0.176333 
0.17658 
0.176828 
0.177078 
0.177328 
0.177576 
0.177822 
0.178065 
0.178303 
0.178536 
0.178763 
0.178983 
0.179196 
0.179402 
0.1796 
0.17979 
0.179972 
0.180145 
0.180309 
0.180465 
0.180612 
0.18075 
0.180879 
0.180999 
0.181111 
0.181214 
0.181308 
0.181393 
0.18147 
0.181537 
0.181596 
0.181646 
0.181686 
0.181716 
0.181737 
0.181747 
0.181746 
0.181734 
0.18171 
0.181673 
0.181623 
0.181558 
0.181479 
0.181384 
0.181273 
0.181145 
0.181 
0.180837 
0.180656 
0.180459 
0.180245 
0.180016 
0.179775 
0.179521 
0.179258 
0.178987 
0.17871 
0.178429 
0.178145 
0.177861 
0.177578 
0.177298 
0.177024 
0.176756 
0.176497 
0.176247 
0.176009 
0.175784 
0.175572 
0.175374 
0.175192 
0.175024 
0.174873 
0.174738 
0.174619 
0.174516 
0.174429 
0.174359 
0.174304 
0.174265 
0.174243 
0.174236 
0.174245 
0.17427 
0.17431 
0.174364 
0.174432 
0.174513 
0.174607 
0.174713 
0.17483 
0.174958 
0.175097 
0.175245 
0.175403 
0.175569 
0.175744 
0.175927 
0.176117 
0.176313 
0.176514 
0.17672 
0.176928 
0.177138 
0.177348 
0.177557 
0.177765 
0.177971 
0.178174 
0.178373 
0.178568 
0.178758 
0.178942 
0.17912 
0.179292 
0.179458 
0.179616 
0.179767 
0.179912 
0.180049 
0.180178 
0.1803 
0.180415 
0.180523 
0.180622 
0.180714 
0.180798 
0.180874 
0.180941 
0.181 
0.181049 
0.18109 
0.181122 
0.181144 
0.181157 
0.18116 
0.181153 
0.181135 
0.181107 
0.181068 
0.181017 
0.180954 
0.180877 
0.180787 
0.180683 
0.180565 
0.180434 
0.180289 
0.180132 
0.179963 
0.179783 
0.179592 
0.179393 
0.179186 
0.178973 
0.178755 
0.178533 
0.178309 
0.178084 
0.177859 
0.177635 
0.177414 
0.177196 
0.176984 
0.176777 
0.176577 
0.176385 
0.176202 
0.176027 
0.175862 
0.175707 
0.175562 
0.175429 
0.175309 
0.175201 
0.175107 
0.175026 
0.174961 
0.174911 
0.174876 
0.174858 
0.174854 
0.174867 
0.174894 
0.174937 
0.174995 
0.175066 
0.175151 
0.175249 
0.175359 
0.175481 
0.175614 
0.175757 
0.175909 
0.17607 
0.176239 
0.176414 
0.176594 
0.176779 
0.176968 
0.177159 
0.177351 
0.177545 
0.177738 
0.17793 
0.17812 
0.178308 
0.178492 
