0.219699
0.219699
0.219699
0.219699
0.219699
0.219699
0.219699
0.219699
0.219699
0.219699
0.219699
0.219699
0.219699
0.219699
0.219699
0.219699
0.219699
0.219699
0.219699
0.219699
0.219699
0.219699
0.219699
0.219699
0.219699
0.219699
0.219699
0.219699
0.219699
0.219699
0.219699
0.219699
0.219699
0.219699
0.219699
0.219699
0.219699
0.219699
0.219699
0.219699
0.219699
0.219699
0.219699
0.219699
0.219699
0.219699
0.219699
0.219699
0.219699
0.219699
0.219699
0.219699
0.219699
0.219699
0.219699
0.219699
0.219699
0.219699
0.219699
0.219699
0.219699
0.219699
0.219699
0.219699
0.219699
0.219699
0.219699
0.219699
0.219699
0.219699
0.219699
0.219699
0.219699
0.219699
0.219699
0.219699
0.219699
0.219699
0.219699
0.219699
0.219699
0.219699
0.219699
0.219699
0.219699
0.219699
0.219699
0.219699
0.219699
0.219699
0.219699
0.219699
0.219699
0.219699
0.219699
0.219699
0.219699
0.219699
0.219699
0.219699
0.219699
0.219699
0.219699
0.219699
0.219699
0.219699
0.219699
0.219699
0.219699
0.219699
0.219699
0.219695
0.219687
0.219675
0.219658
0.219637
0.219612
0.219583
0.21955
0.219514
0.219473
0.219429
0.219382
0.219331
0.219276
0.219218
0.219157
0.219093
0.219025
0.218954
0.21888
0.218804
0.218724
0.218641
0.218556
0.218468
0.218378
0.218284
0.218188
0.21809
0.217989
0.217886
0.21778
0.217672
0.217562
0.21745
0.217335
0.217219
0.2171
0.216979
0.216856
0.216732
0.216605
0.216477
0.216347
0.216215
0.216081
0.215946
0.215809
0.21567
0.21553
0.215388
0.215245
0.2151
0.214954
0.214806
0.214657
0.214506
0.214355
0.214202
0.214047
0.213892
0.213735
0.213577
0.213418
0.213258
0.213097
0.212934
0.212771
0.212606
0.212441
0.212275
0.212107
0.211939
0.21177
0.2116
0.211429
0.211257
0.211085
0.210911
0.210737
0.210563
0.210387
0.210211
0.210034
0.209857
0.209679
0.2095
0.209321
0.209141
0.20896
0.208779
0.208598
0.208416
0.208234
0.208051
0.207868
0.207685
0.207501
0.207317
0.207132
0.206947
0.206762
0.206577
0.206391
0.206205
0.206019
0.205833
0.205647
0.20546
0.205273
0.205087
0.2049
0.204713
0.204526
0.204339
0.204152
0.203965
0.203778
0.203591
0.203404
0.203218
0.203031
0.202844
0.202658
0.202472
0.202285
0.202099
0.201914
0.201728
0.201543
0.201357
0.201173
0.200988
0.200804
0.20062
0.200436
0.200252
0.200069
0.199887
0.199704
0.199522
0.199341
0.199159
0.198978
0.198798
0.198618
0.198438
0.198259
0.198081
0.197902
0.197725
0.197547
0.197371
0.197194
0.197019
0.196844
0.196669
0.196495
0.196321
0.196148
0.195976
0.195804
0.195632
0.195462
0.195291
0.195122
0.194953
0.194785
0.194617
0.19445
0.194283
0.194117
0.193952
0.193788
0.193624
0.19346
0.193298
0.193136
0.192974
0.192814
0.192654
0.192494
0.192336
0.192178
0.192021
0.191864
0.191708
0.191553
0.191398
0.191245
0.191092
0.190939
0.190787
0.190636
0.190486
0.190337
0.190188
0.19004
0.189892
0.189745
0.189599
0.189454
0.189309
0.189166
0.189022
0.18888
0.188738
0.188597
0.188457
0.188318
0.188179
0.188041
0.187903
0.187767
0.187631
0.187495
0.187361
0.187227
0.187094
0.186962
0.18683
0.186699
0.186569
0.186439
0.186311
0.186183
0.186055
0.185929
0.185803
0.185677
0.185553
0.185429
0.185306
0.185184
0.185062
0.184941
0.184821
0.184701
0.184582
0.184464
0.184346
0.18423
0.184113
0.183998
0.183883
0.183769
0.183656
0.183543
0.183431
0.18332
0.183209
0.183099
0.182989
0.182881
0.182773
0.182665
0.182559
0.182452
0.182347
0.182242
0.182138
0.182035
0.181932
0.18183
0.181728
0.181627
0.181527
0.181427
0.181328
0.18123
0.181132
0.181035
0.180938
0.180843
0.180747
0.180653
0.180559
0.180465
0.180372
0.18028
0.180188
0.180097
0.180007
0.179917
0.179828
0.179739
0.179651
0.179563
0.179476
0.17939
0.179304
0.179219
0.179134
0.17905
0.178966
0.178883
0.178801
0.178719
0.178637
0.178557
0.178476
0.178397
0.178317
0.178239
0.178161
0.178083
0.178006
0.177929
0.177853
0.177778
0.177703
0.177628
0.177554
0.177481
0.177408
0.177335
0.177263
0.177192
0.177121
0.17705
0.17698
0.176911
0.176842
0.176773
0.176705
0.176638
0.17657
0.176504
0.176438
0.176372
0.176307
0.176242
0.176177
0.176113
0.17605
0.175987
0.175924
0.175862
0.175801
0.175739
0.175678
0.175618
0.175558
0.175499
0.175439
0.175381
0.175323
0.175265
0.175207
0.17515
0.175094
0.175037
0.174982
0.174926
0.174871
0.174817
0.174762
0.174708
0.174655
0.174602
0.174549
0.174497
0.174445
0.174394
0.174342
0.174292
0.174241
0.174191
0.174142
0.174092
0.174043
0.173995
0.173946
0.173899
0.173851
0.173804
0.173757
0.17371
0.173664
0.173618
0.173573
0.173528
0.173483
0.173439
0.173394
0.173351
0.173307
0.173264
0.173221
0.173179
0.173136
0.173094
0.173053
0.173012
0.172971
0.17293
0.17289
0.172849
0.17281
0.17277
0.172731
0.172692
0.172654
0.172615
0.172577
0.17254
0.172502
0.172465
0.172428
0.172392
0.172355
0.172319
0.172283
0.172248
0.172213
0.172178
0.172143
0.172109
0.172074
0.17204
0.172007
0.171973
0.17194
0.171907
0.171875
0.171842
0.17181
0.171778
0.171747
0.171715
0.171684
0.171653
0.171622
0.171592
0.171562
0.171532
0.171502
0.171472
0.171443
0.171414
0.171385
0.171356
0.171328
0.1713
0.171272
0.171244
0.171216
0.171189
0.171162
0.171135
0.171108
0.171082
0.171056
0.171029
0.171004
0.170978
0.170952
0.170927
0.170902
0.170877
0.170852
0.170828
0.170803
0.170779
0.170755
0.170732
0.170708
0.170685
0.170661
0.170638
0.170616
0.170593
0.17057
0.170548
0.170526
0.170504
0.170482
0.170461
0.170439
0.170418
0.170397
0.170376
0.170355
0.170334
0.170314
0.170294
0.170274
0.170254
0.170234
0.170214
0.170195
0.170175
0.170156
0.170137
0.170118
0.170099
0.170081
0.170062
0.170044
0.170026
0.170008
0.16999
0.169972
0.169955
0.169937
0.16992
0.169903
0.169886
0.169869
0.169852
0.169835
0.169819
0.169803
0.169786
0.16977
0.169754
0.169738
0.169723
0.169707
0.169692
0.169676
0.169661
0.169646
0.169631
0.169616
0.169601
0.169587
0.169572
0.169558
0.169544
0.16953
0.169515
0.169502
0.169488
0.169474
0.16946
0.169447
0.169434
0.16942
0.169407
0.169394
0.169381
0.169368
0.169356
0.169343
0.16933
0.169318
0.169306
0.169293
0.169281
0.169269
0.169257
0.169246
0.169234
0.169222
0.169211
0.169199
0.169188
0.169177
0.169165
0.169154
0.169143
0.169132
0.169122
0.169111
0.1691
0.16909
0.169079
0.169069
0.169058
0.169048
0.169038
0.169028
0.169018
0.169008
0.168998
0.168989
0.168979
0.168969
0.16896
0.168951
0.168941
0.168932
0.168923
0.168914
0.168905
0.168896
0.168887
0.168878
0.168869
0.168861
0.168852
0.168844
0.168835
0.168827
0.168818
0.16881
0.168802
0.168794
0.168786
0.168778
0.16877
0.168762
0.168754
0.168747
0.168739
0.168731
0.168724
0.168716
0.168709
0.168702
0.168694
0.168687
0.16868
0.168673
0.168666
0.168659
0.168652
0.168645
0.168638
0.168632
0.168625
0.168618
0.168612
0.168605
0.168599
0.168592
0.168586
0.16858
0.168573
0.168567
0.168561
0.168555
0.168549
0.168543
0.168537
0.168531
0.168525
0.168519
0.168514
0.168508
0.168502
0.168497
0.168491
0.168486
0.16848
0.168475
0.168469
0.168464
0.168459
0.168453
0.168448
0.168443
0.168438
0.168433
0.168428
0.168423
0.168418
0.168413
0.168408
0.168403
0.168399
0.168394
0.168389
0.168385
0.16838
0.168375
0.168371
0.168366
0.168362
0.168357
0.168353
0.168349
0.168344
0.16834
0.168336
0.168332
0.168328
0.168323
0.168319
0.168315
0.168311
0.168307
0.168303
0.168299
0.168295
0.168292
0.168288
0.168284
0.16828
0.168276
0.168273
0.168269
0.168265
0.168262
0.168258
0.168255
0.168251
0.168248
0.168244
0.168241
0.168238
0.168234
0.168231
0.168228
0.168224
0.168221
0.168218
0.168215
0.168211
0.168208
0.168205
0.168202
0.168199
0.168196
0.168193
0.16819
0.168187
0.168184
0.168181
0.168178
0.168175
0.168173
0.16817
0.168167
0.168164
0.168162
0.168159
0.168156
0.168154
0.168151
0.168148
0.168146
0.168143
0.168141
0.168138
0.168136
0.168133
0.168131
0.168128
0.168126
0.168123
0.168121
0.168119
0.168116
0.168114
0.168112
0.16811
0.168107
0.168105
0.168103
0.168101
0.168098
0.168096
0.168094
0.168092
0.16809
0.168088
0.168086
0.168084
0.168082
0.16808
0.168078
0.168076
0.168074
0.168072
0.16807
0.168068
0.168066
0.168065
0.168063
0.168061
0.168059
0.168057
0.168055
0.168054
0.168052
0.16805
0.168049
0.168047
0.168045
0.168044
0.168042
0.16804
0.168039
0.168037
0.168035
0.168034
0.168032
0.168031
0.168029
0.168028
0.168026
0.168025
0.168023
0.168022
0.16802
0.168019
0.168018
0.168016
0.168015
0.168014
0.168012
0.168011
0.168009
0.168008
0.168007
0.168006
0.168004
0.168003
0.168002
0.168001
0.167999
0.167998
0.167997
0.167996
0.167995
0.167993
0.167992
0.167991
0.16799
0.167989
0.167988
0.167987
0.167986
0.167985
0.167984
0.167982
0.167981
0.16798
0.167979
0.167978
0.167977
0.167976
0.167976
0.167975
0.167974
0.167973
0.167972
0.167971
0.16797
0.167969
0.167968
0.167967
0.167967
0.167966
0.167965
0.167964
0.167963
0.167962
0.167962
0.167961
0.16796
0.167959
0.167959
0.167958
0.167957
0.167956
0.167956
0.167955
0.167954
0.167954
0.167953
0.167952
0.167952
0.167951
0.16795
0.16795
0.167949
0.167949
0.167948
0.167947
0.167947
0.167946
0.167946
0.167945
0.167945
0.167944
0.167944
0.167943
0.167943
0.167942
0.167942
0.167941
0.167941
0.16794
0.16794
0.167939
0.167939
0.167939
0.167938
0.167938
0.167937
0.167937
0.167937
0.167936
0.167936
0.167936
0.167935
0.167935
0.167935
0.167934
0.167934
0.167934
0.167934
0.167933
0.167933
0.167933
0.167933
0.167932
0.167932
0.167932
0.167932
0.167932
0.167931
0.167931
0.167931
0.167931
0.167931
0.167931
0.167931
0.16793
0.16793
0.16793
0.16793
0.16793
0.16793
0.16793
0.16793
0.16793
0.16793
0.16793
0.16793
0.16793
0.16793
0.16793
0.16793
0.16793
0.16793
0.16793
0.16793
0.16793
0.167931
0.167931
0.167931
0.167931
0.167931
0.167931
0.167931
0.167932
0.167932
0.167932
0.167932
0.167933
0.167933
0.167933
0.167933
0.167934
0.167934
0.167934
0.167934
0.167935
0.167935
0.167935
0.167936
0.167936
0.167937
0.167937
0.167937
0.167938
0.167938
0.167939
0.167939
0.16794
0.16794
0.167941
0.167941
0.167942
0.167942
0.167943
0.167943
0.167944
0.167944
0.167945
0.167946
0.167946
0.167947
0.167948
0.167948
0.167949
0.16795
0.16795
0.167951
0.167952
0.167953
0.167953
0.167954
0.167955
0.167956
0.167957
0.167957
0.167958
0.167959
0.16796
0.167961
0.167962
0.167963
0.167964
0.167965
0.167966
0.167967
0.167968
0.167969
0.16797
0.167971
0.167972
0.167973
0.167974
0.167975
0.167976
0.167977
0.167978
0.16798
0.167981
0.167982
0.167983
0.167984
0.167986
0.167987
0.167988
0.16799
0.167991
0.167992
0.167994
0.167995
0.167996
0.167998
0.167999
0.168001
0.168002
0.168003
0.168005
0.168006
0.168008
0.16801
0.168011
0.168013
0.168014
0.168016
0.168018
0.168019
0.168021
0.168023
0.168024
0.168026
0.168028
0.16803
0.168031
0.168033
0.168035
0.168037
0.168039
0.168041
0.168042
0.168044
0.168046
0.168048
0.16805
0.168052
0.168054
0.168056
0.168058
0.16806
0.168063
0.168065
0.168067
0.168069
0.168071
0.168073
0.168076
0.168078
0.16808
0.168082
0.168085
0.168087
0.168089
0.168092
0.168094
0.168097
0.168099
0.168102
0.168104
0.168107
0.168109
0.168112
0.168114
0.168117
0.16812
0.168122
0.168125
0.168128
0.16813
0.168133
0.168136
0.168139
0.168141
0.168144
0.168147
0.16815
0.168153
0.168156
0.168159
0.168162
0.168165
0.168168
0.168171
0.168174
0.168177
0.168181
0.168184
0.168187
0.16819
0.168194
0.168197
0.1682
0.168204
0.168207
0.16821
0.168214
0.168217
0.168221
0.168224
0.168228
0.168231
0.168235
0.168239
0.168242
0.168246
0.16825
0.168253
0.168257
0.168261
0.168265
0.168269
0.168272
0.168276
0.16828
0.168284
0.168288
0.168292
0.168296
0.1683
0.168305
0.168309
0.168313
0.168317
0.168321
0.168326
0.16833
0.168334
0.168339
0.168343
0.168347
0.168352
0.168356
0.168361
0.168366
0.16837
0.168375
0.168379
0.168384
0.168389
0.168393
0.168398
0.168403
0.168408
0.168413
0.168418
0.168423
0.168428
0.168433
0.168438
0.168443
0.168448
0.168453
0.168458
0.168463
0.168468
0.168474
0.168479
0.168484
0.16849
0.168495
0.1685
0.168506
0.168511
0.168517
0.168522
0.168528
0.168533
0.168539
0.168545
0.16855
0.168556
0.168562
0.168568
0.168574
0.168579
0.168585
0.168591
0.168597
0.168603
0.168609
0.168615
0.168621
0.168627
0.168633
0.16864
0.168646
0.168652
0.168658
0.168665
0.168671
0.168677
0.168684
0.16869
0.168697
0.168703
0.16871
0.168716
0.168723
0.168729
0.168736
0.168743
0.168749
0.168756
0.168763
0.16877
0.168776
0.168783
0.16879
0.168797
0.168804
0.168811
0.168818
0.168825
0.168832
0.168839
0.168847
0.168854
0.168861
0.168868
0.168876
0.168883
0.16889
0.168898
0.168905
0.168912
0.16892
0.168927
0.168935
0.168942
0.16895
0.168958
0.168965
0.168973
0.168981
0.168988
0.168996
0.169004
0.169012
0.16902
0.169028
0.169036
0.169044
0.169052
0.16906
0.169068
0.169076
0.169084
0.169092
0.1691
0.169108
0.169117
0.169125
0.169133
0.169142
0.16915
0.169158
0.169167
0.169175
0.169184
0.169192
0.169201
0.169209
0.169218
0.169227
0.169235
0.169244
0.169253
0.169261
0.16927
0.169279
0.169288
0.169297
0.169305
0.169314
0.169323
0.169332
0.169341
0.16935
0.169359
0.169368
0.169377
0.169387
0.169396
0.169405
0.169414
0.169423
0.169433
0.169442
0.169451
0.16946
0.16947
0.169479
0.169489
0.169498
0.169508
0.169517
0.169527
0.169536
0.169546
0.169555
0.169565
0.169575
0.169584
0.169594
0.169604
0.169614
0.169623
0.169633
0.169643
0.169653
0.169663
0.169673
0.169683
0.169693
0.169703
0.169713
0.169723
0.169733
0.169743
0.169754
0.169764
0.169774
0.169784
0.169795
0.169805
0.169815
0.169826
0.169836
0.169847
0.169857
0.169868
0.169879
0.169889
0.1699
0.169911
0.169921
0.169932
0.169943
0.169954
0.169964
0.169975
0.169986
0.169997
0.170008
0.170019
0.17003
0.170041
0.170052
0.170064
0.170075
0.170086
0.170097
0.170109
0.17012
0.170131
0.170143
0.170154
0.170166
0.170177
0.170189
0.1702
0.170212
0.170224
0.170235
0.170247
0.170259
0.170271
0.170283
0.170294
0.170306
0.170318
0.17033
0.170343
0.170355
0.170367
0.170379
0.170392
0.170404
0.170416
0.170429
0.170441
0.170454
0.170466
0.170479
0.170492
0.170504
0.170517
0.17053
0.170543
0.170556
0.170569
0.170582
0.170595
0.170608
0.170621
0.170635
0.170648
0.170661
0.170675
0.170688
0.170702
0.170715
0.170729
0.170743
0.170756
0.17077
0.170784
0.170798
0.170812
0.170826
0.17084
0.170854
0.170868
0.170883
0.170897
0.170911
0.170926
0.17094
0.170954
0.170969
0.170984
0.170998
0.171013
0.171028
0.171043
0.171058
0.171073
0.171088
0.171103
0.171118
0.171133
0.171148
0.171164
0.171179
0.171194
0.17121
0.171226
0.171241
0.171257
0.171273
0.171288
0.171304
0.17132
0.171336
0.171352
0.171369
0.171385
0.171401
0.171418
0.171434
0.171451
0.171467
0.171484
0.171501
0.171517
0.171534
0.171551
0.171568
0.171585
0.171603
0.17162
0.171637
0.171655
0.171672
0.17169
0.171707
0.171725
0.171743
0.171761
0.171779
0.171797
0.171815
0.171834
0.171852
0.17187
0.171889
0.171907
0.171926
0.171945
0.171964
0.171983
0.172002
0.172021
0.17204
0.17206
0.172079
0.172098
0.172118
0.172138
0.172158
0.172178
0.172198
0.172218
0.172238
0.172258
0.172278
0.172299
0.17232
0.17234
0.172361
0.172382
0.172403
0.172424
0.172445
0.172467
0.172488
0.17251
0.172531
0.172553
0.172575
0.172597
0.172619
0.172641
0.172663
0.172686
0.172708
0.172731
0.172753
0.172776
0.172799
0.172822
0.172845
0.172869
0.172892
0.172916
0.172939
0.172963
0.172987
0.173011
0.173035
0.173059
0.173084
0.173108
0.173133
0.173157
0.173182
0.173207
0.173232
0.173257
0.173282
0.173308
0.173333
0.173359
0.173384
0.17341
0.173436
0.173462
0.173488
0.173515
0.173541
0.173567
0.173594
0.173621
0.173647
0.173674
0.173701
0.173728
0.173755
0.173783
0.17381
0.173838
0.173865
0.173893
0.173921
0.173949
0.173977
0.174005
0.174033
0.174061
0.174089
0.174118
0.174146
0.174175
0.174204
0.174233
0.174261
0.17429
0.174319
0.174349
0.174378
0.174407
0.174436
0.174466
0.174495
0.174525
0.174555
0.174585
0.174614
0.174644
0.174674
0.174704
0.174734
0.174765
0.174795
0.174825
0.174856
0.174886
0.174916
0.174947
0.174978
0.175008
0.175039
0.17507
0.1751
0.175131
0.175162
0.175193
0.175224
0.175255
0.175286
0.175317
0.175349
0.17538
0.175411
0.175442
0.175473
0.175505
0.175536
0.175568
0.175599
0.17563
0.175662
0.175693
0.175725
0.175756
0.175788
0.175819
0.175851
0.175882
0.175914
0.175945
0.175977
0.176008
0.17604
0.176072
0.176103
0.176135
0.176166
0.176198
0.176229
0.176261
0.176292
0.176324
0.176355
0.176387
0.176418
0.17645
0.176481
0.176513
0.176544
0.176575
0.176607
0.176638
0.176669
0.1767
0.176732
0.176763
0.176794
0.176825
0.176856
0.176887
0.176918
0.176949
0.17698
0.177011
0.177042
0.177072
0.177103
0.177134
0.177164
0.177195
0.177225
0.177256
0.177286
0.177317
0.177347
0.177377
0.177407
0.177437
0.177467
0.177497
0.177527
0.177557
0.177587
0.177617
0.177646
0.177676
0.177705
0.177735
0.177764
0.177793
0.177823
0.177852
0.177881
0.17791
0.177939
0.177967
0.177996
0.178025
0.178053
0.178082
0.17811
0.178139
0.178167
0.178195
0.178223
0.178251
0.178279
0.178307
0.178335
0.178362
0.17839
0.178417
0.178445
0.178472
0.178499
0.178526
0.178553
0.17858
0.178607
0.178634
0.17866
0.178687
0.178713
0.178739
0.178766
0.178792
0.178818
0.178844
0.17887
0.178895
0.178921
0.178946
0.178972
0.178997
0.179022
0.179048
0.179073
0.179097
0.179122
0.179147
0.179172
0.179196
0.179221
0.179245
0.179269
0.179293
0.179317
0.179341
0.179365
0.179388
0.179412
0.179436
0.179459
0.179482
0.179505
0.179528
0.179551
0.179574
0.179597
0.179619
0.179642
0.179664
0.179687
0.179709
0.179731
0.179753
0.179775
0.179797
0.179818
0.17984
0.179861
0.179883
0.179904
0.179925
0.179946
0.179967
0.179988
0.180008
0.180029
0.180049
0.18007
0.18009
0.18011
0.18013
0.18015
0.18017
0.18019
0.18021
0.180229
0.180249
0.180268
0.180287
0.180306
0.180325
0.180344
0.180363
0.180382
0.1804
0.180419
0.180437
0.180456
0.180474
0.180492
0.18051
0.180528
0.180545
0.180563
0.180581
0.180598
0.180616
0.180633
0.18065
0.180667
0.180684
0.180701
0.180718
0.180734
0.180751
0.180768
0.180784
0.1808
0.180816
0.180832
0.180848
0.180864
0.18088
0.180896
0.180911
0.180927
0.180942
0.180958
0.180973
0.180988
0.181003
0.181018
0.181033
0.181048
0.181062
0.181077
0.181091
0.181106
0.18112
0.181134
0.181148
0.181162
0.181176
0.18119
0.181204
0.181217
0.181231
0.181244
0.181258
0.181271
0.181284
0.181297
0.18131
0.181323
0.181336
0.181349
0.181362
0.181374
0.181387
0.181399
0.181411
0.181424
0.181436
0.181448
0.18146
0.181472
0.181483
0.181495
0.181507
0.181518
0.18153
0.181541
0.181552
0.181564
0.181575
0.181586
0.181597
0.181607
0.181618
0.181629
0.18164
0.18165
0.181661
0.181671
0.181681
0.181692
0.181702
0.181712
0.181722
0.181732
0.181741
0.181751
0.181761
0.18177
0.18178
0.181789
0.181799
0.181808
0.181817
0.181826
0.181835
0.181844
0.181853
0.181862
0.18187
0.181879
0.181888
0.181896
0.181905
0.181913
0.181921
0.181929
0.181937
0.181945
0.181953
0.181961
0.181969
0.181977
0.181984
0.181992
0.181999
0.182007
0.182014
0.182021
0.182029
0.182036
0.182043
0.18205
0.182057
0.182063
0.18207
0.182077
0.182083
0.18209
0.182096
0.182103
0.182109
0.182115
0.182121
0.182127
0.182133
0.182139
0.182145
0.182151
0.182156
0.182162
0.182168
0.182173
0.182178
0.182184
0.182189
0.182194
0.182199
0.182204
0.182209
0.182214
0.182219
0.182223
0.182228
0.182232
0.182237
0.182241
0.182245
0.18225
0.182254
0.182258
0.182262
0.182266
0.18227
0.182273
0.182277
0.182281
0.182284
0.182287
0.182291
0.182294
0.182297
0.1823
0.182303
0.182306
0.182309
0.182312
0.182314
0.182317
0.18232
0.182322
0.182324
0.182326
0.182329
0.182331
0.182333
0.182335
0.182336
0.182338
0.18234
0.182341
0.182343
0.182344
0.182345
0.182346
0.182347
0.182348
0.182349
0.18235
0.182351
0.182351
0.182352
0.182352
0.182352
0.182352
0.182353
0.182353
0.182352
0.182352
0.182352
0.182351
0.182351
0.18235
0.182349
0.182348
0.182347
0.182346
0.182345
0.182344
0.182342
0.18234
0.182339
0.182337
0.182335
0.182333
0.182331
0.182328
0.182326
0.182323
0.18232
0.182317
0.182314
0.182311
0.182308
0.182304
0.182301
0.182297
0.182293
0.182289
0.182285
0.182281
0.182276
0.182272
0.182267
0.182262
0.182257
0.182252
0.182246
0.182241
0.182235
0.182229
0.182223
0.182217
0.182211
0.182204
0.182197
0.18219
0.182183
0.182176
0.182169
0.182161
0.182153
0.182146
0.182137
0.182129
0.182121
0.182112
0.182103
0.182094
0.182085
0.182076
0.182066
0.182056
0.182047
0.182036
0.182026
0.182016
0.182005
0.181994
0.181983
0.181972
0.18196
0.181949
0.181937
0.181925
0.181913
0.1819
0.181888
0.181875
0.181862
0.181848
0.181835
0.181821
0.181808
0.181794
0.181779
0.181765
0.18175
0.181735
0.18172
0.181705
0.18169
0.181674
0.181658
0.181642
0.181625
0.181609
0.181592
0.181575
0.181558
0.181541
0.181523
0.181505
0.181487
0.181469
0.18145
0.181432
0.181413
0.181394
0.181374
0.181355
0.181335
0.181315
0.181295
0.181274
0.181253
0.181233
0.181211
0.18119
0.181169
0.181147
0.181125
0.181103
0.18108
0.181058
0.181035
0.181012
0.180989
0.180965
0.180942
0.180918
0.180894
0.180869
0.180845
0.18082
0.180795
0.18077
0.180745
0.180719
0.180694
0.180668
0.180642
0.180615
0.180589
0.180562
0.180535
0.180508
0.180481
0.180454
0.180426
0.180398
0.18037
0.180342
0.180314
0.180285
0.180256
0.180227
0.180198
0.180169
0.18014
0.18011
0.18008
0.18005
0.18002
0.17999
0.179959
0.179929
0.179898
0.179867
0.179836
0.179805
0.179774
0.179742
0.17971
0.179678
0.179647
0.179614
0.179582
0.17955
0.179517
0.179485
0.179452
0.179419
0.179386
0.179353
0.17932
0.179287
0.179253
0.17922
0.179186
0.179152
0.179118
0.179084
0.17905
0.179016
0.178982
0.178948
0.178913
0.178879
0.178844
0.17881
0.178775
0.17874
0.178705
0.178671
0.178636
0.178601
0.178566
0.17853
0.178495
0.17846
0.178425
0.178389
0.178354
0.178319
0.178283
0.178248
0.178212
0.178177
0.178141
0.178106
0.17807
0.178035
0.177999
0.177963
0.177928
0.177892
0.177857
0.177821
0.177785
0.17775
0.177714
0.177678
0.177643
0.177607
0.177572
0.177536
0.177501
0.177465
0.177429
0.177394
0.177359
0.177323
0.177288
0.177252
0.177217
0.177182
0.177147
0.177112
0.177076
0.177041
0.177006
0.176971
0.176936
0.176902
0.176867
0.176832
0.176797
0.176763
0.176728
0.176694
0.176659
0.176625
0.176591
0.176557
0.176523
0.176489
0.176455
0.176421
0.176387
0.176354
0.17632
0.176287
0.176253
0.17622
0.176187
0.176154
0.176121
0.176088
0.176055
0.176023
0.17599
0.175958
0.175925
0.175893
0.175861
0.175829
0.175797
0.175766
0.175734
0.175703
0.175671
0.17564
0.175609
0.175578
0.175547
0.175516
0.175486
0.175455
0.175425
0.175395
0.175365
0.175335
0.175305
0.175276
0.175246
0.175217
0.175188
0.175159
0.17513
0.175101
0.175073
0.175044
0.175016
0.174988
0.17496
0.174932
0.174904
0.174877
0.17485
0.174822
0.174795
0.174769
0.174742
0.174715
0.174689
0.174663
0.174637
0.174611
0.174585
0.17456
0.174534
0.174509
0.174484
0.174459
0.174435
0.17441
0.174386
0.174362
0.174338
0.174314
0.17429
0.174267
0.174244
0.174221
0.174198
0.174175
0.174152
0.17413
0.174108
0.174086
0.174064
0.174042
0.174021
0.174
0.173979
0.173958
0.173937
0.173916
0.173896
0.173876
0.173856
0.173836
0.173817
0.173797
0.173778
0.173759
0.17374
0.173721
0.173703
0.173685
0.173666
0.173648
0.173631
0.173613
0.173596
0.173578
0.173561
0.173545
0.173528
0.173511
0.173495
0.173479
0.173463
0.173447
0.173432
0.173416
0.173401
0.173386
0.173371
0.173357
0.173342
0.173328
0.173314
0.1733
0.173286
0.173272
0.173259
0.173246
0.173233
0.17322
0.173207
0.173195
0.173182
0.17317
0.173158
0.173146
0.173135
0.173123
0.173112
0.173101
0.17309
0.173079
0.173068
0.173058
0.173048
0.173038
0.173028
0.173018
0.173008
0.172999
0.17299
0.172981
0.172972
0.172963
0.172955
0.172946
0.172938
0.17293
0.172922
0.172914
0.172907
0.172899
0.172892
0.172885
0.172878
0.172872
0.172865
0.172859
0.172852
0.172846
0.17284
0.172835
0.172829
0.172823
0.172818
0.172813
0.172808
0.172803
0.172798
0.172794
0.172789
0.172785
0.172781
0.172777
0.172773
0.172769
0.172766
0.172762
0.172759
0.172756
0.172753
0.17275
0.172747
0.172745
0.172742
0.17274
0.172738
0.172736
0.172734
0.172732
0.17273
0.172729
0.172728
0.172726
0.172725
0.172724
0.172723
0.172722
0.172722
0.172721
0.172721
0.172721
0.17272
0.17272
0.17272
0.172721
0.172721
0.172721
0.172722
0.172722
0.172723
0.172724
0.172725
0.172726
0.172727
0.172728
0.17273
0.172731
0.172733
0.172734
0.172736
0.172738
0.17274
0.172742
0.172744
0.172746
0.172749
0.172751
0.172754
0.172756
0.172759
0.172762
0.172765
0.172768
0.172771
0.172774
0.172778
0.172781
0.172785
0.172788
0.172792
0.172796
0.1728
0.172804
0.172808
0.172812
0.172816
0.17282
0.172825
0.172829
0.172834
0.172839
0.172843
0.172848
0.172853
0.172858
0.172863
0.172868
0.172874
0.172879
0.172885
0.17289
0.172896
0.172902
0.172907
0.172913
0.172919
0.172925
0.172931
0.172938
0.172944
0.17295
0.172957
0.172963
0.17297
0.172976
0.172983
0.17299
0.172997
0.173004
0.173011
0.173018
0.173025
0.173033
0.17304
0.173047
0.173055
0.173063
0.17307
0.173078
0.173086
0.173094
0.173102
0.17311
0.173118
0.173126
0.173134
0.173143
0.173151
0.173159
0.173168
0.173177
0.173185
0.173194
0.173203
0.173212
0.173221
0.17323
0.173239
0.173248
0.173258
0.173267
0.173277
0.173286
0.173296
0.173305
0.173315
0.173325
0.173335
0.173345
0.173355
0.173365
0.173376
0.173386
0.173396
0.173407
0.173417
0.173428
0.173439
0.17345
0.173461
0.173472
0.173483
0.173494
0.173505
0.173517
0.173528
0.17354
0.173551
0.173563
0.173575
0.173587
0.173599
0.173611
0.173623
0.173635
0.173648
0.17366
0.173673
0.173685
0.173698
0.173711
0.173724
0.173737
0.17375
0.173763
0.173777
0.17379
0.173803
0.173817
0.173831
0.173845
0.173859
0.173873
0.173887
0.173901
0.173915
0.17393
0.173944
0.173959
0.173974
0.173989
0.174004
0.174019
0.174034
0.174049
0.174064
0.17408
0.174096
0.174111
0.174127
0.174143
0.174159
0.174175
0.174191
0.174208
0.174224
0.174241
0.174257
0.174274
0.174291
0.174308
0.174325
0.174342
0.17436
0.174377
0.174394
0.174412
0.17443
0.174448
0.174465
0.174483
0.174502
0.17452
0.174538
0.174557
0.174575
0.174594
0.174612
0.174631
0.17465
0.174669
0.174688
0.174708
0.174727
0.174746
0.174766
0.174785
0.174805
0.174825
0.174845
0.174865
0.174885
0.174905
0.174925
0.174946
0.174966
0.174987
0.175007
0.175028
0.175049
0.17507
0.175091
0.175112
0.175133
0.175154
0.175175
0.175197
0.175218
0.17524
0.175262
0.175283
0.175305
0.175327
0.175349
0.175371
0.175393
0.175416
0.175438
0.17546
0.175483
0.175505
0.175528
0.17555
0.175573
0.175596
0.175619
0.175642
0.175665
0.175688
0.175711
0.175734
0.175758
0.175781
0.175804
0.175828
0.175851
0.175875
0.175899
0.175922
0.175946
0.17597
0.175994
0.176018
0.176042
0.176066
0.17609
0.176114
0.176138
0.176162
0.176187
0.176211
0.176235
0.17626
0.176284
0.176308
0.176333
0.176357
0.176382
0.176407
0.176431
0.176456
0.176481
0.176505
0.17653
0.176555
0.17658
0.176604
0.176629
0.176654
0.176679
0.176704
0.176729
0.176754
0.176778
0.176803
0.176828
0.176853
0.176878
0.176903
0.176928
0.176953
0.176978
0.177003
0.177028
0.177053
0.177078
0.177103
0.177128
0.177153
0.177178
0.177203
0.177228
0.177253
0.177278
0.177303
0.177328
0.177353
0.177378
0.177403
0.177428
0.177452
0.177477
0.177502
0.177527
0.177552
0.177576
0.177601
0.177626
0.17765
0.177675
0.1777
0.177724
0.177749
0.177773
0.177798
0.177822
0.177847
0.177871
0.177895
0.17792
0.177944
0.177968
0.177992
0.178017
0.178041
0.178065
0.178089
0.178113
0.178137
0.178161
0.178184
0.178208
0.178232
0.178256
0.178279
0.178303
0.178326
0.17835
0.178373
0.178397
0.17842
0.178443
0.178466
0.17849
0.178513
0.178536
0.178559
0.178582
0.178604
0.178627
0.17865
0.178673
0.178695
0.178718
0.17874
0.178763
0.178785
0.178807
0.17883
0.178852
0.178874
0.178896
0.178918
0.17894
0.178961
0.178983
0.179005
0.179026
0.179048
0.179069
0.179091
0.179112
0.179133
0.179154
0.179175
0.179196
0.179217
0.179238
0.179259
0.17928
0.1793
0.179321
0.179341
0.179362
0.179382
0.179402
0.179423
0.179443
0.179463
0.179483
0.179502
0.179522
0.179542
0.179561
0.179581
0.1796
0.17962
0.179639
0.179658
0.179677
0.179696
0.179715
0.179734
0.179753
0.179772
0.17979
0.179809
0.179827
0.179846
0.179864
0.179882
0.1799
0.179918
0.179936
0.179954
0.179972
0.17999
0.180007
0.180025
0.180042
0.180059
0.180077
0.180094
0.180111
0.180128
0.180145
0.180162
0.180178
0.180195
0.180212
0.180228
0.180244
0.180261
0.180277
0.180293
0.180309
0.180325
0.180341
0.180357
0.180372
0.180388
0.180404
0.180419
0.180434
0.18045
0.180465
0.18048
0.180495
0.18051
0.180525
0.180539
0.180554
0.180569
0.180583
0.180597
0.180612
0.180626
0.18064
0.180654
0.180668
0.180682
0.180696
0.180709
0.180723
0.180736
0.18075
0.180763
0.180776
0.180789
0.180802
0.180815
0.180828
0.180841
0.180854
0.180866
0.180879
0.180891
0.180904
0.180916
0.180928
0.18094
0.180952
0.180964
0.180976
0.180988
0.180999
0.181011
0.181022
0.181034
0.181045
0.181056
0.181067
0.181078
0.181089
0.1811
0.181111
0.181122
0.181132
0.181143
0.181153
0.181163
0.181174
0.181184
0.181194
0.181204
0.181214
0.181223
0.181233
0.181243
0.181252
0.181262
0.181271
0.18128
0.18129
0.181299
0.181308
0.181317
0.181325
0.181334
0.181343
0.181351
0.18136
0.181368
0.181377
0.181385
0.181393
0.181401
0.181409
0.181417
0.181425
0.181432
0.18144
0.181448
0.181455
0.181462
0.18147
0.181477
0.181484
0.181491
0.181498
0.181505
0.181511
0.181518
0.181525
0.181531
0.181537
0.181544
0.18155
0.181556
0.181562
0.181568
0.181574
0.181579
0.181585
0.181591
0.181596
0.181601
0.181607
0.181612
0.181617
0.181622
0.181627
0.181632
0.181637
0.181641
0.181646
0.18165
0.181654
0.181659
0.181663
0.181667
0.181671
0.181675
0.181679
0.181682
0.181686
0.181689
0.181693
0.181696
0.181699
0.181702
0.181705
0.181708
0.181711
0.181714
0.181716
0.181719
0.181721
0.181723
0.181726
0.181728
0.18173
0.181732
0.181733
0.181735
0.181737
0.181738
0.181739
0.181741
0.181742
0.181743
0.181744
0.181745
0.181745
0.181746
0.181747
0.181747
0.181747
0.181748
0.181748
0.181748
0.181748
0.181747
0.181747
0.181746
0.181746
0.181745
0.181744
0.181743
0.181742
0.181741
0.18174
0.181739
0.181737
0.181735
0.181734
0.181732
0.18173
0.181728
0.181726
0.181723
0.181721
0.181718
0.181715
0.181713
0.18171
0.181707
0.181703
0.1817
0.181696
0.181693
0.181689
0.181685
0.181681
0.181677
0.181673
0.181668
0.181664
0.181659
0.181654
0.181649
0.181644
0.181639
0.181634
0.181628
0.181623
0.181617
0.181611
0.181605
0.181599
0.181592
0.181586
0.181579
0.181572
0.181565
0.181558
0.181551
0.181543
0.181536
0.181528
0.18152
0.181512
0.181504
0.181496
0.181487
0.181479
0.18147
0.181461
0.181452
0.181443
0.181433
0.181424
0.181414
0.181404
0.181394
0.181384
0.181374
0.181363
0.181352
0.181342
0.181331
0.181319
0.181308
0.181297
0.181285
0.181273
0.181261
0.181249
0.181236
0.181224
0.181211
0.181198
0.181185
0.181172
0.181159
0.181145
0.181131
0.181117
0.181103
0.181089
0.181074
0.18106
0.181045
0.18103
0.181015
0.181
0.180984
0.180968
0.180953
0.180936
0.18092
0.180904
0.180887
0.180871
0.180854
0.180837
0.180819
0.180802
0.180784
0.180767
0.180749
0.18073
0.180712
0.180694
0.180675
0.180656
0.180637
0.180618
0.180599
0.180579
0.180559
0.18054
0.18052
0.180499
0.180479
0.180459
0.180438
0.180417
0.180396
0.180375
0.180354
0.180332
0.180311
0.180289
0.180267
0.180245
0.180223
0.1802
0.180178
0.180155
0.180132
0.180109
0.180086
0.180063
0.18004
0.180016
0.179993
0.179969
0.179945
0.179921
0.179897
0.179873
0.179848
0.179824
0.179799
0.179775
0.17975
0.179725
0.1797
0.179675
0.179649
0.179624
0.179598
0.179573
0.179547
0.179521
0.179495
0.179469
0.179443
0.179417
0.179391
0.179365
0.179338
0.179312
0.179285
0.179258
0.179231
0.179205
0.179178
0.179151
0.179124
0.179096
0.179069
0.179042
0.179015
0.178987
0.17896
0.178932
0.178905
0.178877
0.178849
0.178821
0.178794
0.178766
0.178738
0.17871
0.178682
0.178654
0.178626
0.178598
0.17857
0.178542
0.178513
0.178485
0.178457
0.178429
0.1784
0.178372
0.178344
0.178315
0.178287
0.178259
0.17823
0.178202
0.178173
0.178145
0.178116
0.178088
0.17806
0.178031
0.178003
0.177974
0.177946
0.177917
0.177889
0.177861
0.177832
0.177804
0.177776
0.177747
0.177719
0.177691
0.177662
0.177634
0.177606
0.177578
0.17755
0.177522
0.177494
0.177466
0.177438
0.17741
0.177382
0.177354
0.177326
0.177298
0.17727
0.177243
0.177215
0.177188
0.17716
0.177133
0.177105
0.177078
0.177051
0.177024
0.176996
0.176969
0.176942
0.176915
0.176889
0.176862
0.176835
0.176809
0.176782
0.176756
0.176729
0.176703
0.176677
0.176651
0.176625
0.176599
0.176573
0.176548
0.176522
0.176497
0.176471
0.176446
0.176421
0.176396
0.176371
0.176346
0.176321
0.176296
0.176272
0.176247
0.176223
0.176199
0.176175
0.176151
0.176127
0.176103
0.17608
0.176056
0.176033
0.176009
0.175986
0.175963
0.17594
0.175918
0.175895
0.175873
0.17585
0.175828
0.175806
0.175784
0.175762
0.17574
0.175719
0.175698
0.175676
0.175655
0.175634
0.175613
0.175593
0.175572
0.175552
0.175531
0.175511
0.175491
0.175471
0.175452
0.175432
0.175413
0.175393
0.175374
0.175355
0.175337
0.175318
0.175299
0.175281
0.175263
0.175245
0.175227
0.175209
0.175192
0.175174
0.175157
0.17514
0.175123
0.175106
0.175089
0.175073
0.175057
0.17504
0.175024
0.175009
0.174993
0.174977
0.174962
0.174947
0.174932
0.174917
0.174902
0.174888
0.174873
0.174859
0.174845
0.174831
0.174817
0.174804
0.17479
0.174777
0.174764
0.174751
0.174738
0.174725
0.174713
0.1747
0.174688
0.174676
0.174664
0.174653
0.174641
0.17463
0.174619
0.174608
0.174597
0.174586
0.174576
0.174565
0.174555
0.174545
0.174535
0.174525
0.174516
0.174507
0.174497
0.174488
0.174479
0.174471
0.174462
0.174454
0.174445
0.174437
0.174429
0.174421
0.174414
0.174406
0.174399
0.174392
0.174385
0.174378
0.174371
0.174365
0.174359
0.174352
0.174346
0.174341
0.174335
0.174329
0.174324
0.174319
0.174314
0.174309
0.174304
0.174299
0.174295
0.174291
0.174287
0.174283
0.174279
0.174275
0.174272
0.174268
0.174265
0.174262
0.174259
0.174257
0.174254
0.174252
0.17425
0.174248
0.174246
0.174244
0.174243
0.174241
0.17424
0.174239
0.174238
0.174237
0.174237
0.174236
0.174236
0.174236
0.174236
0.174236
0.174236
0.174237
0.174238
0.174239
0.17424
0.174241
0.174242
0.174243
0.174245
0.174247
0.174249
0.174251
0.174253
0.174255
0.174258
0.174261
0.174264
0.174267
0.17427
0.174273
0.174277
0.17428
0.174284
0.174288
0.174292
0.174296
0.1743
0.174305
0.17431
0.174314
0.174319
0.174324
0.17433
0.174335
0.17434
0.174346
0.174352
0.174358
0.174364
0.17437
0.174376
0.174383
0.174389
0.174396
0.174403
0.17441
0.174417
0.174425
0.174432
0.174439
0.174447
0.174455
0.174463
0.174471
0.174479
0.174487
0.174496
0.174504
0.174513
0.174522
0.174531
0.17454
0.174549
0.174558
0.174568
0.174577
0.174587
0.174597
0.174607
0.174617
0.174627
0.174637
0.174648
0.174658
0.174669
0.17468
0.174691
0.174702
0.174713
0.174724
0.174735
0.174747
0.174758
0.17477
0.174782
0.174794
0.174806
0.174818
0.17483
0.174843
0.174855
0.174868
0.17488
0.174893
0.174906
0.174919
0.174932
0.174945
0.174958
0.174972
0.174985
0.174999
0.175013
0.175027
0.17504
0.175054
0.175069
0.175083
0.175097
0.175111
0.175126
0.175141
0.175155
0.17517
0.175185
0.1752
0.175215
0.17523
0.175245
0.175261
0.175276
0.175292
0.175307
0.175323
0.175339
0.175355
0.175371
0.175387
0.175403
0.175419
0.175435
0.175452
0.175468
0.175485
0.175502
0.175518
0.175535
0.175552
0.175569
0.175586
0.175604
0.175621
0.175638
0.175656
0.175673
0.175691
0.175709
0.175726
0.175744
0.175762
0.17578
0.175798
0.175816
0.175835
0.175853
0.175871
0.17589
0.175908
0.175927
0.175946
0.175964
0.175983
0.176002
0.176021
0.17604
0.176059
0.176078
0.176097
0.176117
0.176136
0.176156
0.176175
0.176195
0.176214
0.176234
0.176254
0.176273
0.176293
0.176313
0.176333
0.176353
0.176373
0.176393
0.176413
0.176433
0.176454
0.176474
0.176494
0.176514
0.176535
0.176555
0.176576
0.176596
0.176617
0.176637
0.176658
0.176679
0.176699
0.17672
0.176741
0.176761
0.176782
0.176803
0.176824
0.176845
0.176865
0.176886
0.176907
0.176928
0.176949
0.17697
0.176991
0.177012
0.177033
0.177054
0.177075
0.177096
0.177117
0.177138
0.177159
0.17718
0.177201
0.177222
0.177243
0.177264
0.177285
0.177306
0.177327
0.177348
0.177369
0.17739
0.177411
0.177432
0.177452
0.177473
0.177494
0.177515
0.177536
0.177557
0.177578
0.177599
0.17762
0.177641
0.177661
0.177682
0.177703
0.177724
0.177745
0.177765
0.177786
0.177807
0.177827
0.177848
0.177869
0.177889
0.17791
0.17793
0.177951
0.177971
0.177992
0.178012
0.178032
0.178053
0.178073
0.178093
0.178114
0.178134
0.178154
0.178174
0.178194
0.178214
0.178234
0.178254
0.178274
0.178294
0.178314
0.178334
0.178354
0.178373
0.178393
0.178413
0.178432
0.178452
0.178471
0.178491
0.17851
0.17853
0.178549
0.178568
0.178587
0.178607
0.178626
0.178645
0.178664
0.178683
0.178702
0.17872
0.178739
0.178758
0.178777
0.178795
0.178814
0.178832
0.178851
0.178869
0.178888
0.178906
0.178924
0.178942
0.17896
0.178978
0.178996
0.179014
0.179032
0.17905
0.179068
0.179085
0.179103
0.17912
0.179138
0.179155
0.179173
0.17919
0.179207
0.179224
0.179241
0.179258
0.179275
0.179292
0.179309
0.179326
0.179343
0.179359
0.179376
0.179392
0.179409
0.179425
0.179441
0.179458
0.179474
0.17949
0.179506
0.179522
0.179538
0.179553
0.179569
0.179585
0.1796
0.179616
0.179631
0.179647
0.179662
0.179677
0.179692
0.179708
0.179723
0.179738
0.179752
0.179767
0.179782
0.179797
0.179811
0.179826
0.17984
0.179855
0.179869
0.179883
0.179897
0.179912
0.179926
0.17994
0.179953
0.179967
0.179981
0.179995
0.180008
0.180022
0.180035
0.180049
0.180062
0.180075
0.180088
0.180101
0.180114
0.180127
0.18014
0.180153
0.180166
0.180178
0.180191
0.180203
0.180216
0.180228
0.18024
0.180252
0.180265
0.180277
0.180289
0.1803
0.180312
0.180324
0.180336
0.180347
0.180359
0.18037
0.180382
0.180393
0.180404
0.180415
0.180426
0.180437
0.180448
0.180459
0.18047
0.180481
0.180491
0.180502
0.180512
0.180523
0.180533
0.180543
0.180553
0.180563
0.180573
0.180583
0.180593
0.180603
0.180613
0.180622
0.180632
0.180641
0.180651
0.18066
0.180669
0.180678
0.180687
0.180696
0.180705
0.180714
0.180723
0.180732
0.18074
0.180749
0.180757
0.180765
0.180774
0.180782
0.18079
0.180798
0.180806
0.180814
0.180822
0.180829
0.180837
0.180844
0.180852
0.180859
0.180866
0.180874
0.180881
0.180888
0.180895
0.180902
0.180908
0.180915
0.180922
0.180928
0.180935
0.180941
0.180947
0.180953
0.180959
0.180965
0.180971
0.180977
0.180983
0.180989
0.180994
0.181
0.181005
0.18101
0.181015
0.181021
0.181026
0.181031
0.181035
0.18104
0.181045
0.181049
0.181054
0.181058
0.181063
0.181067
0.181071
0.181075
0.181079
0.181083
0.181087
0.18109
0.181094
0.181097
0.181101
0.181104
0.181107
0.18111
0.181113
0.181116
0.181119
0.181122
0.181124
0.181127
0.181129
0.181132
0.181134
0.181136
0.181138
0.18114
0.181142
0.181144
0.181146
0.181147
0.181149
0.18115
0.181151
0.181153
0.181154
0.181155
0.181156
0.181157
0.181157
0.181158
0.181159
0.181159
0.181159
0.18116
0.18116
0.18116
0.18116
0.18116
0.181159
0.181159
0.181159
0.181158
0.181157
0.181157
0.181156
0.181155
0.181154
0.181153
0.181151
0.18115
0.181149
0.181147
0.181145
0.181143
0.181142
0.18114
0.181137
0.181135
0.181133
0.181131
0.181128
0.181125
0.181123
0.18112
0.181117
0.181114
0.18111
0.181107
0.181104
0.1811
0.181097
0.181093
0.181089
0.181085
0.181081
0.181077
0.181072
0.181068
0.181063
0.181059
0.181054
0.181049
0.181044
0.181039
0.181033
0.181028
0.181023
0.181017
0.181011
0.181005
0.180999
0.180993
0.180987
0.18098
0.180974
0.180967
0.18096
0.180954
0.180946
0.180939
0.180932
0.180924
0.180917
0.180909
0.180901
0.180893
0.180885
0.180877
0.180869
0.18086
0.180851
0.180842
0.180834
0.180824
0.180815
0.180806
0.180796
0.180787
0.180777
0.180767
0.180757
0.180747
0.180736
0.180726
0.180715
0.180705
0.180694
0.180683
0.180671
0.18066
0.180649
0.180637
0.180625
0.180614
0.180602
0.180589
0.180577
0.180565
0.180552
0.18054
0.180527
0.180514
0.180501
0.180488
0.180474
0.180461
0.180447
0.180434
0.18042
0.180406
0.180392
0.180377
0.180363
0.180348
0.180334
0.180319
0.180304
0.180289
0.180274
0.180259
0.180243
0.180228
0.180212
0.180197
0.180181
0.180165
0.180148
0.180132
0.180116
0.180099
0.180083
0.180066
0.180049
0.180032
0.180015
0.179998
0.179981
0.179963
0.179946
0.179928
0.17991
0.179892
0.179874
0.179856
0.179838
0.17982
0.179802
0.179783
0.179764
0.179746
0.179727
0.179708
0.179689
0.17967
0.179651
0.179631
0.179612
0.179592
0.179573
0.179553
0.179534
0.179514
0.179494
0.179474
0.179454
0.179434
0.179413
0.179393
0.179373
0.179352
0.179332
0.179311
0.17929
0.17927
0.179249
0.179228
0.179207
0.179186
0.179165
0.179144
0.179123
0.179101
0.17908
0.179059
0.179037
0.179016
0.178994
0.178973
0.178951
0.178929
0.178908
0.178886
0.178864
0.178842
0.17882
0.178798
0.178777
0.178755
0.178733
0.17871
0.178688
0.178666
0.178644
0.178622
0.1786
0.178577
0.178555
0.178533
0.178511
0.178488
0.178466
0.178444
0.178421
0.178399
0.178376
0.178354
0.178331
0.178309
0.178286
0.178264
0.178242
0.178219
0.178196
0.178174
0.178151
0.178129
0.178106
0.178084
0.178061
0.178039
0.178016
0.177994
0.177971
0.177949
0.177926
0.177904
0.177881
0.177859
0.177836
0.177814
0.177791
0.177769
0.177747
0.177724
0.177702
0.17768
0.177657
0.177635
0.177613
0.177591
0.177568
0.177546
0.177524
0.177502
0.17748
0.177458
0.177436
0.177414
0.177392
0.17737
0.177348
0.177326
0.177304
0.177283
0.177261
0.177239
0.177218
0.177196
0.177175
0.177153
0.177132
0.177111
0.177089
0.177068
0.177047
0.177026
0.177005
0.176984
0.176963
0.176942
0.176921
0.1769
0.17688
0.176859
0.176838
0.176818
0.176797
0.176777
0.176757
0.176736
0.176716
0.176696
0.176676
0.176656
0.176636
0.176617
0.176597
0.176577
0.176558
0.176538
0.176519
0.1765
0.17648
0.176461
0.176442
0.176423
0.176404
0.176385
0.176367
0.176348
0.176329
0.176311
0.176292
0.176274
0.176256
0.176238
0.17622
0.176202
0.176184
0.176166
0.176148
0.176131
0.176113
0.176096
0.176078
0.176061
0.176044
0.176027
0.17601
0.175993
0.175976
0.17596
0.175943
0.175927
0.17591
0.175894
0.175878
0.175862
0.175846
0.17583
0.175814
0.175798
0.175783
0.175767
0.175752
0.175737
0.175722
0.175707
0.175692
0.175677
0.175662
0.175648
0.175633
0.175619
0.175604
0.17559
0.175576
0.175562
0.175548
0.175535
0.175521
0.175508
0.175494
0.175481
0.175468
0.175455
0.175442
0.175429
0.175417
0.175404
0.175392
0.17538
0.175368
0.175356
0.175344
0.175332
0.17532
0.175309
0.175298
0.175286
0.175275
0.175264
0.175253
0.175243
0.175232
0.175222
0.175211
0.175201
0.175191
0.175181
0.175171
0.175162
0.175152
0.175143
0.175133
0.175124
0.175115
0.175107
0.175098
0.175089
0.175081
0.175073
0.175065
0.175057
0.175049
0.175041
0.175034
0.175026
0.175019
0.175012
0.175005
0.174998
0.174992
0.174985
0.174979
0.174973
0.174967
0.174961
0.174955
0.174949
0.174944
0.174939
0.174934
0.174929
0.174924
0.174919
0.174915
0.174911
0.174907
0.174903
0.174899
0.174895
0.174892
0.174888
0.174885
0.174882
0.174879
0.174876
0.174874
0.174871
0.174869
0.174867
0.174865
0.174863
0.174862
0.17486
0.174859
0.174858
0.174857
0.174856
0.174855
0.174854
0.174854
0.174854
0.174854
0.174854
0.174854
0.174854
0.174855
0.174856
0.174856
0.174857
0.174859
0.17486
0.174861
0.174863
0.174865
0.174867
0.174869
0.174871
0.174873
0.174876
0.174879
0.174882
0.174885
0.174888
0.174891
0.174894
0.174898
0.174902
0.174906
0.17491
0.174914
0.174918
0.174923
0.174928
0.174932
0.174937
0.174942
0.174948
0.174953
0.174959
0.174964
0.17497
0.174976
0.174982
0.174988
0.174995
0.175001
0.175008
0.175015
0.175022
0.175029
0.175036
0.175043
0.175051
0.175058
0.175066
0.175074
0.175082
0.17509
0.175098
0.175107
0.175115
0.175124
0.175133
0.175142
0.175151
0.17516
0.175169
0.175179
0.175188
0.175198
0.175208
0.175218
0.175228
0.175238
0.175249
0.175259
0.17527
0.17528
0.175291
0.175302
0.175313
0.175325
0.175336
0.175347
0.175359
0.175371
0.175382
0.175394
0.175406
0.175418
0.175431
0.175443
0.175456
0.175468
0.175481
0.175494
0.175507
0.17552
0.175533
0.175546
0.175559
0.175573
0.175586
0.1756
0.175614
0.175628
0.175642
0.175656
0.17567
0.175684
0.175698
0.175713
0.175727
0.175742
0.175757
0.175772
0.175787
0.175802
0.175817
0.175832
0.175847
0.175863
0.175878
0.175894
0.175909
0.175925
0.175941
0.175957
0.175973
0.175989
0.176005
0.176021
0.176038
0.176054
0.17607
0.176087
0.176104
0.17612
0.176137
0.176154
0.176171
0.176188
0.176205
0.176222
0.176239
0.176256
0.176273
0.176291
0.176308
0.176326
0.176343
0.176361
0.176378
0.176396
0.176414
0.176432
0.176449
0.176467
0.176485
0.176503
0.176521
0.176539
0.176558
0.176576
0.176594
0.176612
0.176631
0.176649
0.176668
0.176686
0.176705
0.176723
0.176742
0.17676
0.176779
0.176798
0.176816
0.176835
0.176854
0.176873
0.176892
0.176911
0.17693
0.176949
0.176968
0.176987
0.177006
0.177025
0.177044
0.177063
0.177082
0.177101
0.17712
0.177139
0.177159
0.177178
0.177197
0.177216
0.177236
0.177255
0.177274
0.177293
0.177313
0.177332
0.177351
0.177371
0.17739
0.177409
0.177429
0.177448
0.177467
0.177487
0.177506
0.177525
0.177545
0.177564
0.177583
0.177603
0.177622
0.177641
0.177661
0.17768
0.177699
0.177719
0.177738
0.177757
0.177776
0.177796
0.177815
0.177834
0.177853
0.177872
0.177892
0.177911
0.17793
0.177949
0.177968
0.177987
0.178006
0.178025
0.178044
0.178063
0.178082
0.178101
0.17812
0.178139
0.178158
0.178177
0.178195
0.178214
0.178233
0.178252
0.17827
0.178289
0.178308
0.178326
0.178345
0.178363
0.178382
0.1784
0.178419
0.178437
0.178455
0.178474
