0
0
0
0
0
0
0
0
0
0
0
0
0
0
0
0
0
0
0
0
0
0
0
1
0
0
0
0
0
1
0
0
0
1
1
1
1
3
1
0
0
2
1
3
4
1
3
4
2
5
2
3
9
5
3
6
2
2
6
7
12
4
8
8
7
2
7
7
4
4
9
3
6
5
3
7
7
3
10
5
6
7
5
4
2
6
3
6
3
10
5
4
8
4
5
2
2
4
6
3
4
3
5
4
3
9
1
0
3
0
6
4
4
1
5
4
7
3
3
2
5
6
6
4
7
2
3
4
6
4
7
5
3
9
7
3
6
2
2
1
2
4
8
5
7
2
3
8
7
1
6
2
4
4
7
5
5
8
2
8
0
4
6
2
4
5
6
6
3
2
6
2
3
5
7
4
4
3
5
4
5
3
6
6
4
8
6
6
3
9
6
5
13
6
10
10
6
7
5
7
12
9
9
7
9
6
5
2
10
7
7
4
11
5
5
6
6
11
6
9
9
14
8
10
3
9
15
10
6
8
12
13
8
11
9
10
11
8
10
15
5
7
10
7
10
19
5
10
9
8
14
11
11
18
9
4
10
11
11
15
10
15
12
12
11
10
4
8
10
6
10
8
16
6
10
6
8
7
11
14
12
12
9
5
12
10
7
12
10
8
17
11
12
10
13
14
11
16
15
11
14
10
5
11
20
11
7
14
13
13
11
12
16
10
14
7
13
10
16
13
12
14
11
12
15
12
13
13
15
11
20
8
13
12
10
8
21
13
16
18
12
10
13
12
16
16
18
12
13
8
12
15
12
12
17
15
8
17
13
13
11
6
13
17
12
13
12
19
16
3
11
14
13
12
12
14
12
10
9
16
7
13
11
11
11
12
23
7
9
13
7
5
14
10
23
12
14
11
13
16
11
15
10
14
15
14
20
12
18
6
7
12
13
11
15
7
16
15
6
17
11
17
11
9
5
13
14
12
14
16
19
12
10
13
10
17
16
13
11
12
18
15
9
11
9
7
9
20
18
19
15
8
15
15
19
4
14
12
10
12
5
10
11
11
15
12
15
23
17
4
12
8
12
15
11
14
7
5
12
17
12
16
8
12
19
12
15
7
11
10
16
15
10
19
9
8
16
8
15
12
9
15
17
16
6
10
14
7
12
17
14
11
21
15
14
14
10
16
12
12
8
13
13
8
8
11
19
10
19
11
10
13
22
16
12
17
11
10
16
15
14
16
7
19
10
14
7
12
11
14
15
9
6
11
16
8
10
11
9
15
9
16
14
14
10
16
18
9
20
15
17
10
5
14
14
8
7
11
16
6
21
8
11
7
7
17
7
9
18
9
6
11
16
8
11
15
11
10
9
9
10
10
16
16
6
15
14
14
15
13
15
5
10
11
15
18
12
15
9
19
13
13
10
7
10
11
17
11
13
10
9
11
14
14
11
17
12
10
18
9
7
16
12
7
12
7
17
9
15
20
12
14
4
13
13
16
11
10
15
10
11
13
8
10
10
11
11
6
10
10
16
8
12
11
12
9
13
7
13
7
22
15
7
12
9
12
11
6
12
10
15
13
12
10
13
13
10
15
7
15
7
12
6
16
9
16
10
11
12
9
11
14
10
11
11
16
21
12
13
11
20
11
8
11
12
5
16
17
17
14
14
10
9
12
11
14
7
10
11
7
13
14
14
13
13
15
13
8
12
12
7
17
16
14
10
14
12
8
13
8
13
7
11
14
15
9
15
11
12
12
8
8
7
7
15
5
19
10
12
18
11
7
9
12
15
9
9
12
9
17
10
8
16
12
14
5
11
8
15
9
11
19
14
15
15
7
11
5
6
12
10
14
22
13
10
13
11
12
23
20
13
7
14
13
11
17
13
15
6
17
9
10
14
7
9
13
12
8
16
18
16
8
13
11
9
5
12
17
12
13
10
11
14
16
10
7
12
15
7
21
11
10
11
8
11
14
6
9
10
9
8
8
13
16
9
14
11
10
9
5
16
10
15
13
9
15
10
12
10
11
2
9
9
11
8
6
17
11
10
8
11
14
9
17
9
12
6
9
8
15
10
9
10
17
10
16
5
16
9
14
13
12
13
20
8
6
17
10
4
8
9
12
19
9
11
10
10
11
17
10
8
10
15
5
11
14
9
16
9
7
11
9
14
10
10
16
12
15
13
14
8
8
7
9
7
9
14
16
8
16
7
5
12
9
7
11
9
10
7
13
11
13
11
7
8
11
9
15
15
11
13
