11.5 0.273371
11.6 0.273371
11.7 0.273371
11.8 0.273371
11.9 0.273371
12 0.273371
12.1 0.273371
12.2 0.273371
12.3 0.273371
12.4 0.273371
12.5 0.273371
12.6 0.273371
12.7 0.273371
12.8 0.273371
12.9 0.273371
13 0.273371
13.1 0.273371
13.2 0.273371
13.3 0.273371
13.4 0.273371
13.5 0.273371
13.6 0.273371
13.7 0.273371
13.8 0.273371
13.9 0.273371
14 0.273371
14.1 0.273371
14.2 0.273371
14.3 0.273371
14.4 0.273371
14.5 0.273371
14.6 0.273371
14.7 0.273371
14.8 0.273371
14.9 0.273371
15 0.273371
15.1 0.273371
15.2 0.273371
15.3 0.273371
15.4 0.273371
15.5 0.273371
15.6 0.273371
15.7 0.273371
15.8 0.273371
15.9 0.273371
16 0.273371
16.1 0.273371
16.2 0.273371
16.3 0.273371
16.4 0.273371
16.5 0.273371
16.6 0.273371
16.7 0.273371
16.8 0.273371
16.9 0.273371
17 0.273371
17.1 0.273371
17.2 0.273371
17.3 0.273371
17.4 0.273371
17.5 0.273371
17.6 0.273371
17.7 0.273371
17.8 0.273371
17.9 0.273371
18 0.273371
18.1 0.273371
18.2 0.273371
18.3 0.273371
18.4 0.273371
18.5 0.273371
18.6 0.273371
18.7 0.273371
18.8 0.273371
18.9 0.273371
19 0.273371
19.1 0.273371
19.2 0.273371
19.3 0.273371
19.4 0.273371
19.5 0.273371
19.6 0.273371
19.7 0.273371
19.8 0.273371
19.9 0.273371
20 0.273371
20.1 0.273371
20.2 0.273371
20.3 0.273371
20.4 0.273371
20.5 0.273371
20.6 0.273371
20.7 0.273371
20.8 0.273371
20.9 0.273371
21 0.273371
21.1 0.273371
21.2 0.273371
21.3 0.273371
21.4 0.273371
21.5 0.273371
21.6 0.273371
21.7 0.273371
21.8 0.273371
21.9 0.273371
22 0.273371
22.1 0.273371
22.2 0.273371
22.3 0.273371
22.4 0.273371
22.5 0.273371
22.6 0.273371
22.7 0.273371
22.8 0.273371
22.9 0.273371
23 0.273371
23.1 0.273371
23.2 0.273371
23.3 0.273371
23.4 0.273371
23.5 0.273371
23.6 0.273371
23.7 0.273371
23.8 0.273371
23.9 0.273371
24 0.273371
24.1 0.273371
24.2 0.273371
24.3 0.273371
24.4 0.273371
24.5 0.273371
24.6 0.273371
24.7 0.273371
24.8 0.273371
24.9 0.273371
25 0.273371
25.1 0.273371
25.2 0.273371
25.3 0.273371
25.4 0.273371
25.5 0.272873
25.6 0.272876
25.7 0.272884
25.8 0.272889
25.9 0.272886
26 0.272869
26.1 0.272832
26.2 0.272771
26.3 0.272678
26.4 0.272548
26.5 0.271493
26.6 0.271399
26.7 0.271307
26.8 0.271214
26.9 0.271114
27 0.271003
27.1 0.270876
27.2 0.270729
27.3 0.270557
27.4 0.270356
27.5 0.269416
27.6 0.269243
27.7 0.269073
27.8 0.268901
27.9 0.268724
28 0.268539
28.1 0.268341
28.2 0.268127
28.3 0.267894
28.4 0.267637
28.5 0.266801
28.6 0.266567
28.7 0.266336
28.8 0.266103
28.9 0.265867
29 0.265623
29.1 0.265371
29.2 0.265106
29.3 0.264826
29.4 0.264528
29.5 0.263785
29.6 0.263506
29.7 0.263228
29.8 0.262949
29.9 0.262668
30 0.262382
30.1 0.262088
30.2 0.261786
30.3 0.261472
30.4 0.261145
30.5 0.260485
30.6 0.260172
30.7 0.25986
30.8 0.259548
30.9 0.259234
31 0.258917
31.1 0.258595
31.2 0.258266
31.3 0.257929
31.4 0.257582
31.5 0.256996
31.6 0.25666
31.7 0.256325
31.8 0.25599
31.9 0.255654
32 0.255316
32.1 0.254974
32.2 0.254628
32.3 0.254276
32.4 0.253918
32.5 0.253397
32.6 0.253047
32.7 0.252697
32.8 0.252348
32.9 0.251998
33 0.251647
33.1 0.251293
33.2 0.250937
33.3 0.250578
33.4 0.250214
33.5 0.24975
33.6 0.249392
33.7 0.249035
33.8 0.248678
33.9 0.248321
34 0.247963
34.1 0.247604
34.2 0.247244
34.3 0.246883
34.4 0.246519
34.5 0.246101
34.6 0.245741
34.7 0.245381
34.8 0.245022
34.9 0.244663
